2 0.28906840051162647 0.16687014626891425 0.15535834741153492 0.2909530755457992
2 0.13371005310009154 0.17186198825131768 0.1451709147943851 0.28952683497939824
2 0.02674201062001831 0.17328822881771863 0.05348402124003662 0.2923793161122002
2 0.44060646069173026 0.17400134910091913 0.1426240566400976 0.29380555667860114
2 0.5883242336404028 0.17186198825131768 0.15281148925724736 0.28952683497939824
2 0.7449560101290814 0.17542758966732014 0.16045206372010995 0.2938055566786012
2 0.8952206412320414 0.17257510853451816 0.1349834821772352 0.29380555667860114
2 0.9826296202374732 0.17328822881771863 0.03474075952505345 0.2923793161122002
2 0.03947630139145561 0.5802573996759899 0.07895260278291122 0.2958022902071569
2 0.1528114892572475 0.6455792192493572 0.1579052055658224 0.1611651840033103
2 0.3094432657459262 0.6462923395325578 0.1655457800286847 0.1597389434369093
2 0.4622547550031736 0.6477185800989588 0.14517091479438513 0.1568864623041074
2 0.6086990988747022 0.6470054598157583 0.13753034033152275 0.16116518400331045
2 0.7525965845919432 0.6470054598157585 0.14517091479438513 0.1611651840033104
2 0.895220641232041 0.5835377546109143 0.14517091479438501 0.2795431510145904
2 0.09041346447720475 0.9037287617679339 0.14007719848581018 0.18968999533132988
2 0.24322495373445222 0.9037287617679339 0.15026463110295998 0.18683751419852782
2 0.3820287231431187 0.905155002334335 0.13243662402294773 0.18968999533132988
2 0.5233793507060728 0.9030156414847335 0.14007719848581027 0.19396871703053292
2 0.6723705527318891 0.9018746473994103 0.1426240566400976 0.1945392099926873
2 0.8149946093719865 0.9030156414847335 0.13753034033152275 0.19396871703053292
2 0.9406064606917302 0.9037287617679339 0.11878707861653964 0.19254247646413192
